0393,    -0.797,   MM,04
0394,    -0.463,   MM,01
0395,    -0.879,   MM,02
0396,    -1.168,   MM,03
0397,    -1.168,   MM,03
0398,    -0.797,   MM,04
0399,    -0.463,   MM,01
0400,    -0.879,   MM,02
0401,    -0.463,   MM,01
0402,    -1.168,   MM,03
0403,    -0.797,   MM,04
0404,    -0.879,   MM,02
0405,    -0.797,   MM,04
0406,    -0.463,   MM,01
0407,    -0.879,   MM,02
0408,    -1.168,   MM,03
0409,    -1.168,   MM,03
0410,    -0.797,   MM,04
0411,    -0.463,   MM,01
0412,    -0.879,   MM,02
0413,    -0.463,   MM,01
0414,    -1.168,   MM,03
0415,    -0.797,   MM,04
0416,    -0.879,   MM,02
0417,    -0.797,   MM,04
0418,    -0.463,   MM,01
0419,    -0.879,   MM,02
0420,    -1.168,   MM,03
0421,    -1.168,   MM,03
0422,    -0.797,   MM,04
0423,    -0.463,   MM,01
0424,    -0.879,   MM,02
0425,    -0.463,   MM,01
0426,    -1.168,   MM,03
0427,    -0.797,   MM,04
0428,    -0.879,   MM,02
0429,    -0.797,   MM,04
0430,    -0.463,   MM,01
0431,    -0.879,   MM,02
0432,    -1.168,   MM,03
0433,    -1.168,   MM,03
0434,    -0.797,   MM,04
0435,    -0.463,   MM,01
0436,    -0.879,   MM,02
0437,    -0.463,   MM,01
0438,    -1.168,   MM,03
0439,    -0.797,   MM,04
0440,    -0.879,   MM,02
0441,    -0.797,   MM,04
0442,    -0.463,   MM,01
0443,    -0.879,   MM,02
0444,    -1.168,   MM,03
0445,    -1.168,   MM,03
0446,    -0.797,   MM,04
0447,    -0.463,   MM,01
0448,    -0.879,   MM,02
0449,    -0.463,   MM,01
0450,    -1.168,   MM,03
0451,    -0.797,   MM,04
0452,    -0.879,   MM,02
0453,    -0.797,   MM,04
0454,    -0.463,   MM,01
0455,    -0.879,   MM,02
0456,    -1.168,   MM,03
0457,    -1.168,   MM,03
0458,    -0.797,   MM,04
0459,    -0.463,   MM,01
0460,    -0.879,   MM,02
0461,    -0.463,   MM,01
0462,    -1.168,   MM,03
0463,    -0.797,   MM,04
0464,    -0.879,   MM,02
0465,    -0.797,   MM,04
0466,    -0.463,   MM,01
0467,    -0.879,   MM,02
0468,    -1.168,   MM,03
0469,    -1.168,   MM,03
0470,    -0.797,   MM,04
0471,    -0.463,   MM,01
0472,    -0.879,   MM,02
0473,    -0.463,   MM,01
0474,    -1.168,   MM,03
0475,    -0.797,   MM,04
0476,    -0.879,   MM,02
0477,    -0.797,   MM,04
0478,    -0.463,   MM,01
0479,    -0.879,   MM,02
0480,    -1.168,   MM,03
0481,    -1.168,   MM,03
0482,    -0.797,   MM,04
0483,    -0.463,   MM,01
0484,    -0.879,   MM,02
0485,    -0.463,   MM,01
0486,    -1.168,   MM,03
0487,    -0.797,   MM,04
0488,    -0.879,   MM,02
0489,    -0.797,   MM,04
0490,    -0.463,   MM,01
0491,    -0.879,   MM,02
0492,    -1.168,   MM,03
0493,    -1.168,   MM,03
0494,    -0.797,   MM,04
0495,    -0.463,   MM,01
0496,    -0.879,   MM,02
0497,    -0.463,   MM,01
0498,    -1.168,   MM,03
0499,    -0.797,   MM,04
0500,    -0.879,   MM,02
0501,    -0.797,   MM,04
0502,    -0.463,   MM,01
0503,    -0.879,   MM,02
0504,    -1.168,   MM,03
0505,    -1.168,   MM,03
0506,    -0.797,   MM,04
0507,    -0.463,   MM,01
0508,    -0.879,   MM,02
0509,    -0.463,   MM,01
0510,    -1.168,   MM,03
0511,    -0.797,   MM,04
0512,    -0.879,   MM,02
0513,    -0.879,   MM,02
0514,    -0.463,   MM,01
0515,    -1.168,   MM,03
0516,    -0.797,   MM,04
0517,    -1.168,   MM,03
0518,    -0.797,   MM,04
0519,    -0.463,   MM,01
0520,    -0.879,   MM,02
0521,    -0.463,   MM,01
0522,    -1.168,   MM,03
0523,    -0.797,   MM,04
0524,    -0.879,   MM,02
0525,    -0.879,   MM,02
0526,    -0.463,   MM,01
0527,    -1.168,   MM,03
0528,    -0.797,   MM,04
0529,    -1.168,   MM,03
0530,    -0.797,   MM,04
0531,    -0.463,   MM,01
0532,    -0.879,   MM,02
0533,    -0.463,   MM,01
0534,    -1.168,   MM,03
0535,    -0.797,   MM,04
0536,    -0.879,   MM,02
0537,    -0.879,   MM,02
0538,    -0.463,   MM,01
0539,    -1.168,   MM,03
0540,    -0.797,   MM,04
0541,    -1.168,   MM,03
0542,    -0.797,   MM,04
0543,    -0.463,   MM,01
0544,    -0.879,   MM,02
0545,    -0.463,   MM,01
0546,    -1.168,   MM,03
0547,    -0.797,   MM,04
0548,    -0.879,   MM,02
0549,    -0.879,   MM,02
0550,    -0.463,   MM,01
0551,    -1.168,   MM,03
0552,    -0.797,   MM,04
0553,    -1.168,   MM,03
0554,    -0.797,   MM,04
0555,    -0.463,   MM,01
0556,    -0.879,   MM,02
0557,    -0.463,   MM,01
0558,    -1.168,   MM,03
0559,    -0.797,   MM,04
0560,    -0.879,   MM,02
0561,    -0.879,   MM,02
0562,    -0.463,   MM,01
0563,    -1.168,   MM,03
0564,    -0.797,   MM,04
0565,    -1.168,   MM,03
0566,    -0.797,   MM,04
0567,    -0.463,   MM,01
0568,    -0.879,   MM,02
0569,    -0.463,   MM,01
0570,    -1.168,   MM,03
0571,    -0.797,   MM,04
0572,    -0.879,   MM,02
0573,    -0.879,   MM,02
0574,    -0.463,   MM,01
0575,    -1.168,   MM,03
0576,    -0.797,   MM,04
0577,    -1.168,   MM,03
0578,    -0.797,   MM,04
0579,    -0.463,   MM,01
0580,    -0.879,   MM,02
0581,    -0.463,   MM,01
0582,    -0.797,   MM,04
0583,    -0.879,   MM,02
0584,    -1.168,   MM,03
0585,    -0.879,   MM,02
0586,    -0.463,   MM,01
0587,    -1.168,   MM,03
0588,    -0.797,   MM,04
0589,    -0.797,   MM,04
0590,    -0.463,   MM,01
0591,    -0.879,   MM,02
0592,    -1.168,   MM,03
0593,    -0.463,   MM,01
0594,    -0.797,   MM,04
0595,    -0.879,   MM,02
0596,    -1.168,   MM,03
0597,    -0.879,   MM,02
0598,    -0.463,   MM,01
0599,    -1.168,   MM,03
0600,    -0.797,   MM,04
0601,    -0.797,   MM,04
0602,    -0.463,   MM,01
0603,    -0.879,   MM,02
0604,    -1.168,   MM,03
0605,    -0.463,   MM,01
0606,    -0.797,   MM,04
0607,    -0.879,   MM,02
0608,    -1.168,   MM,03
0609,    -0.879,   MM,02
0610,    -0.463,   MM,01
0611,    -1.168,   MM,03
0612,    -0.797,   MM,04
0613,    -0.797,   MM,04
0614,    -0.463,   MM,01
0615,    -0.879,   MM,02
0616,    -1.168,   MM,03
0617,    -0.463,   MM,01
0618,    -0.797,   MM,04
0619,    -0.879,   MM,02
0620,    -1.168,   MM,03
0621,    -0.879,   MM,02
0622,    -0.463,   MM,01
0623,    -1.168,   MM,03
0624,    -0.797,   MM,04
0625,    -0.797,   MM,04
0626,    -0.463,   MM,01
0627,    -0.879,   MM,02
0628,    -1.168,   MM,03
0629,    -0.463,   MM,01
0630,    -0.797,   MM,04
0631,    -0.879,   MM,02
0632,    -1.168,   MM,03
0633,    -0.879,   MM,02
0634,    -0.463,   MM,01
0635,    -1.168,   MM,03
0636,    -0.797,   MM,04
0637,    -0.797,   MM,04
0638,    -0.463,   MM,01
0639,    -0.879,   MM,02
0640,    -1.168,   MM,03
0641,    -0.463,   MM,01
0642,    -0.797,   MM,04
0643,    -0.879,   MM,02
0644,    -1.168,   MM,03
0645,    -0.879,   MM,02
0646,    -0.463,   MM,01
0647,    -1.168,   MM,03
0648,    -0.797,   MM,04
0649,    -0.797,   MM,04
0650,    -0.463,   MM,01
0651,    -0.879,   MM,02
0652,    -1.168,   MM,03
0653,    -0.463,   MM,01
0654,    -0.797,   MM,04
0655,    -0.879,   MM,02
0656,    -1.168,   MM,03
0657,    -0.879,   MM,02
0658,    -0.463,   MM,01
0659,    -1.168,   MM,03
0660,    -0.797,   MM,04
0661,    -0.797,   MM,04
0662,    -0.463,   MM,01
0663,    -0.879,   MM,02
0664,    -1.168,   MM,03
0665,    -0.797,   MM,04
0666,    -0.463,   MM,01
0667,    -0.879,   MM,02
0668,    -1.168,   MM,03
0669,    -0.879,   MM,02
0670,    -0.463,   MM,01
0671,    -1.168,   MM,03
0672,    -0.797,   MM,04
0673,    -0.797,   MM,04
0674,    -0.463,   MM,01
0675,    -0.879,   MM,02
0676,    -1.168,   MM,03
0677,    -0.797,   MM,04
0678,    -0.463,   MM,01
0679,    -0.879,   MM,02
0680,    -1.168,   MM,03
0681,    -0.879,   MM,02
0682,    -0.463,   MM,01
0683,    -1.168,   MM,03
0684,    -0.797,   MM,04
0685,    -0.797,   MM,04
0686,    -0.463,   MM,01
0687,    -0.879,   MM,02
0688,    -1.168,   MM,03
0689,    -0.797,   MM,04
0690,    -0.463,   MM,01
0691,    -0.879,   MM,02
0692,    -1.168,   MM,03
0693,    -0.879,   MM,02
0694,    -0.463,   MM,01
0695,    -1.168,   MM,03
0696,    -0.797,   MM,04
0697,    -0.797,   MM,04
0698,    -0.463,   MM,01
0699,    -0.879,   MM,02
0700,    -1.168,   MM,03
0701,    -0.797,   MM,04
0702,    -0.463,   MM,01
0703,    -0.879,   MM,02
0704,    -1.168,   MM,03
0705,    -0.879,   MM,02
0706,    -0.463,   MM,01
0707,    -1.168,   MM,03
0708,    -0.797,   MM,04
0709,    -0.797,   MM,04
0710,    -0.463,   MM,01
0711,    -0.879,   MM,02
0712,    -1.168,   MM,03
0713,    -0.797,   MM,04
0714,    -0.463,   MM,01
0715,    -0.879,   MM,02
0716,    -1.168,   MM,03
0717,    -0.879,   MM,02
0718,    -0.463,   MM,01
0719,    -1.168,   MM,03
0720,    -0.797,   MM,04
0721,    -0.797,   MM,04
0722,    -0.463,   MM,01
0723,    -0.879,   MM,02
0724,    -1.168,   MM,03
0725,    -0.797,   MM,04
0726,    -0.463,   MM,01
0727,    -0.879,   MM,02
0728,    -1.168,   MM,03
0729,    -0.879,   MM,02
0730,    -0.463,   MM,01
0731,    -1.168,   MM,03
0732,    -0.797,   MM,04
0733,    -0.797,   MM,04
0734,    -0.463,   MM,01
0735,    -0.879,   MM,02
0736,    -1.168,   MM,03
0737,    -0.797,   MM,04
0738,    -0.463,   MM,01
0739,    -0.879,   MM,02
0740,    -1.168,   MM,03
0741,    -0.879,   MM,02
0742,    -0.463,   MM,01
0743,    -1.168,   MM,03
0744,    -0.797,   MM,04
0745,    -0.797,   MM,04
0746,    -0.463,   MM,01
0747,    -0.879,   MM,02
0748,    -1.168,   MM,03
0749,    -0.797,   MM,04
0750,    -0.463,   MM,01
0751,    -0.879,   MM,02
0752,    -1.168,   MM,03
0753,    -0.879,   MM,02
0754,    -0.463,   MM,01
0755,    -1.168,   MM,03
0756,    -0.797,   MM,04
0757,    -0.797,   MM,04
0758,    -0.463,   MM,01
0759,    -0.879,   MM,02
0760,    -1.168,   MM,03
0761,    -0.797,   MM,04
0762,    -0.463,   MM,01
0763,    -0.879,   MM,02
0764,    -1.168,   MM,03
0765,    -0.879,   MM,02
0766,    -0.463,   MM,01
0767,    -1.168,   MM,03
0768,    -0.797,   MM,04
0769,    -0.797,   MM,04
0770,    -0.463,   MM,01
0771,    -0.879,   MM,02
0772,    -1.168,   MM,03
0773,    -0.797,   MM,04
0774,    -0.463,   MM,01
0775,    -0.879,   MM,02
0776,    -1.168,   MM,03
0777,    -0.879,   MM,02
0778,    -0.463,   MM,01
0779,    -1.168,   MM,03
0780,    -0.797,   MM,04
0781,    -0.797,   MM,04
0782,    -0.463,   MM,01
0783,    -0.879,   MM,02
0784,    -1.168,   MM,03
0785,    -0.797,   MM,04
0786,    -0.463,   MM,01
0787,    -0.879,   MM,02
0788,    -1.168,   MM,03
0789,    -0.879,   MM,02
0790,    -0.463,   MM,01
0791,    -1.168,   MM,03
0792,    -0.797,   MM,04
0793,    -0.797,   MM,04
0794,    -0.463,   MM,01
0795,    -0.879,   MM,02
0796,    -1.168,   MM,03
0797,    -0.797,   MM,04
0798,    -0.463,   MM,01
0799,    -0.879,   MM,02
0800,    -1.168,   MM,03
0801,    -0.879,   MM,02
0802,    -0.463,   MM,01
0803,    -1.168,   MM,03
0804,    -0.797,   MM,04
0805,    -0.797,   MM,04
0806,    -0.463,   MM,01
0807,    -0.879,   MM,02
0808,    -1.168,   MM,03
0809,    -0.797,   MM,04
0810,    -0.463,   MM,01
0811,    -0.879,   MM,02
0812,    -1.168,   MM,03
0813,    -0.879,   MM,02
0814,    -0.463,   MM,01
0815,    -1.168,   MM,03
0816,    -0.797,   MM,04
0817,    -0.797,   MM,04
0818,    -0.463,   MM,01
0819,    -0.879,   MM,02
0820,    -1.168,   MM,03
