1545,    -1.550,   MM,02
1546,    -0.728,   MM,04
1547,    -1.072,   MM,01
1548,    -2.157,   MM,03
1549,    -2.157,   MM,03
1550,    -1.072,   MM,01
1551,    -1.550,   MM,02
1552,    -0.728,   MM,04
1553,    -0.728,   MM,04
1554,    -1.072,   MM,01
1555,    -1.550,   MM,02
1556,    -2.157,   MM,03
1557,    -1.550,   MM,02
1558,    -0.728,   MM,04
1559,    -1.072,   MM,01
1560,    -2.157,   MM,03
1561,    -2.157,   MM,03
1562,    -1.072,   MM,01
1563,    -1.550,   MM,02
1564,    -0.728,   MM,04
1565,    -0.728,   MM,04
1566,    -1.072,   MM,01
1567,    -1.550,   MM,02
1568,    -2.157,   MM,03
1569,    -1.550,   MM,02
1570,    -0.728,   MM,04
1571,    -1.072,   MM,01
1572,    -2.157,   MM,03
1573,    -2.157,   MM,03
1574,    -1.072,   MM,01
1575,    -1.550,   MM,02
1576,    -0.728,   MM,04
1577,    -0.728,   MM,04
1578,    -1.072,   MM,01
1579,    -1.550,   MM,02
1580,    -2.157,   MM,03
1581,    -1.550,   MM,02
1582,    -0.728,   MM,04
1583,    -1.072,   MM,01
1584,    -2.157,   MM,03
1585,    -2.157,   MM,03
1586,    -1.072,   MM,01
1587,    -1.550,   MM,02
1588,    -0.728,   MM,04
1589,    -0.728,   MM,04
1590,    -1.072,   MM,01
1591,    -1.550,   MM,02
1592,    -2.157,   MM,03
1593,    -1.550,   MM,02
1594,    -0.728,   MM,04
1595,    -1.072,   MM,01
1596,    -2.157,   MM,03
1597,    -2.157,   MM,03
1598,    -1.072,   MM,01
1599,    -1.550,   MM,02
1600,    -0.728,   MM,04
1601,    -0.728,   MM,04
1602,    -1.072,   MM,01
1603,    -1.550,   MM,02
1604,    -2.157,   MM,03
1605,    -1.550,   MM,02
1606,    -0.728,   MM,04
1607,    -1.072,   MM,01
1608,    -2.157,   MM,03
1609,    -2.157,   MM,03
1610,    -1.072,   MM,01
1611,    -1.550,   MM,02
1612,    -0.728,   MM,04
1613,    -0.728,   MM,04
1614,    -1.072,   MM,01
1615,    -1.550,   MM,02
1616,    -2.157,   MM,03
1617,    -1.550,   MM,02
1618,    -0.728,   MM,04
1619,    -1.072,   MM,01
1620,    -2.157,   MM,03
1621,    -2.157,   MM,03
1622,    -1.072,   MM,01
1623,    -1.550,   MM,02
1624,    -0.728,   MM,04
1625,    -0.728,   MM,04
1626,    -1.072,   MM,01
1627,    -1.550,   MM,02
1628,    -2.157,   MM,03
1629,    -1.550,   MM,02
1630,    -0.728,   MM,04
1631,    -1.072,   MM,01
1632,    -2.157,   MM,03
1633,    -2.157,   MM,03
1634,    -1.072,   MM,01
1635,    -1.550,   MM,02
1636,    -0.728,   MM,04
1637,    -0.728,   MM,04
1638,    -1.072,   MM,01
1639,    -1.550,   MM,02
1640,    -2.157,   MM,03
1641,    -1.550,   MM,02
1642,    -0.728,   MM,04
1643,    -1.074,   MM,01
1644,    -2.157,   MM,03
1645,    -2.157,   MM,03
1646,    -1.116,   MM,01
1647,    -1.551,   MM,02
1648,    -0.728,   MM,04
1649,    -0.728,   MM,04
1650,    -1.135,   MM,01
1651,    -1.551,   MM,02
1652,    -2.157,   MM,03
1653,    -1.551,   MM,02
1654,    -0.728,   MM,04
1655,    -1.143,   MM,01
1656,    -2.157,   MM,03
1657,    -2.157,   MM,03
1658,    -1.149,   MM,01
1659,    -1.551,   MM,02
1660,    -0.728,   MM,04
1661,    -0.728,   MM,04
1662,    -1.154,   MM,01
1663,    -1.551,   MM,02
1664,    -2.157,   MM,03
1665,    -1.551,   MM,02
1666,    -0.728,   MM,04
1667,    -1.159,   MM,01
1668,    -2.157,   MM,03
1669,    -2.157,   MM,03
1670,    -1.162,   MM,01
1671,    -1.551,   MM,02
1672,    -0.728,   MM,04
1673,    -0.728,   MM,04
1674,    -1.166,   MM,01
1675,    -1.551,   MM,02
1676,    -2.157,   MM,03
1677,    -1.551,   MM,02
1678,    -0.728,   MM,04
1679,    -1.169,   MM,01
1680,    -2.157,   MM,03
1681,    -2.157,   MM,03
1682,    -1.173,   MM,01
1683,    -1.551,   MM,02
1684,    -0.728,   MM,04
1685,    -0.728,   MM,04
1686,    -1.176,   MM,01
1687,    -1.551,   MM,02
1688,    -2.157,   MM,03
1689,    -1.551,   MM,02
1690,    -0.728,   MM,04
1691,    -1.178,   MM,01
1692,    -2.157,   MM,03
1693,    -2.157,   MM,03
1694,    -1.181,   MM,01
1695,    -1.551,   MM,02
1696,    -0.728,   MM,04
1697,    -0.728,   MM,04
1698,    -1.184,   MM,01
1699,    -1.551,   MM,02
1700,    -2.157,   MM,03
1701,    -1.551,   MM,02
1702,    -0.728,   MM,04
1703,    -1.186,   MM,01
1704,    -2.157,   MM,03
1705,    -2.158,   MM,03
1706,    -1.189,   MM,01
1707,    -1.636,   MM,02
1708,    -0.728,   MM,04
1709,    -0.728,   MM,04
1710,    -1.191,   MM,01
1711,    -1.654,   MM,02
1712,    -2.158,   MM,03
1713,    -1.665,   MM,02
1714,    -0.728,   MM,04
1715,    -1.193,   MM,01
1716,    -2.158,   MM,03
1717,    -2.158,   MM,03
1718,    -1.195,   MM,01
1719,    -1.673,   MM,02
1720,    -0.728,   MM,04
1721,    -0.728,   MM,04
1722,    -1.197,   MM,01
1723,    -1.679,   MM,02
1724,    -2.158,   MM,03
1725,    -1.685,   MM,02
1726,    -0.728,   MM,04
1727,    -1.199,   MM,01
1728,    -2.158,   MM,03
1729,    -2.158,   MM,03
1730,    -1.201,   MM,01
1731,    -1.690,   MM,02
1732,    -0.728,   MM,04
1733,    -0.728,   MM,04
1734,    -1.202,   MM,01
1735,    -1.695,   MM,02
1736,    -2.158,   MM,03
1737,    -1.699,   MM,02
1738,    -0.728,   MM,04
1739,    -1.205,   MM,01
1740,    -2.158,   MM,03
1741,    -2.158,   MM,03
1742,    -1.206,   MM,01
1743,    -1.703,   MM,02
1744,    -0.728,   MM,04
1745,    -0.728,   MM,04
1746,    -1.208,   MM,01
1747,    -1.707,   MM,02
1748,    -2.158,   MM,03
1749,    -1.710,   MM,02
1750,    -0.728,   MM,04
1751,    -1.210,   MM,01
1752,    -2.158,   MM,03
1753,    -2.158,   MM,03
1754,    -1.212,   MM,01
1755,    -1.713,   MM,02
1756,    -0.728,   MM,04
1757,    -0.728,   MM,04
1758,    -1.214,   MM,01
1759,    -1.717,   MM,02
1760,    -2.158,   MM,03
1761,    -1.719,   MM,02
1762,    -0.728,   MM,04
1763,    -1.215,   MM,01
1764,    -2.158,   MM,03
1765,    -2.158,   MM,03
1766,    -1.217,   MM,01
1767,    -1.722,   MM,02
1768,    -0.728,   MM,04
1769,    -0.728,   MM,04
1770,    -1.218,   MM,01
1771,    -1.725,   MM,02
1772,    -2.158,   MM,03
1773,    -1.728,   MM,02
1774,    -0.728,   MM,04
1775,    -1.220,   MM,01
1776,    -2.158,   MM,03
1777,    -2.221,   MM,03
1778,    -1.222,   MM,01
1779,    -1.731,   MM,02
1780,    -0.728,   MM,04
1781,    -0.728,   MM,04
1782,    -1.223,   MM,01
1783,    -1.733,   MM,02
1784,    -2.246,   MM,03
1785,    -1.735,   MM,02
1786,    -0.728,   MM,04
1787,    -1.224,   MM,01
1788,    -2.262,   MM,03
1789,    -2.273,   MM,03
1790,    -1.226,   MM,01
1791,    -1.738,   MM,02
1792,    -0.728,   MM,04
1793,    -0.728,   MM,04
1794,    -1.227,   MM,01
1795,    -1.740,   MM,02
1796,    -2.284,   MM,03
1797,    -1.742,   MM,02
1798,    -0.728,   MM,04
1799,    -1.229,   MM,01
1800,    -2.293,   MM,03
1801,    -2.301,   MM,03
1802,    -1.230,   MM,01
1803,    -1.744,   MM,02
1804,    -0.728,   MM,04
1805,    -0.728,   MM,04
1806,    -1.232,   MM,01
1807,    -1.746,   MM,02
1808,    -2.308,   MM,03
1809,    -1.748,   MM,02
1810,    -0.728,   MM,04
1811,    -1.233,   MM,01
1812,    -2.316,   MM,03
1813,    -2.322,   MM,03
1814,    -1.234,   MM,01
1815,    -1.750,   MM,02
1816,    -0.728,   MM,04
1817,    -0.728,   MM,04
1818,    -1.235,   MM,01
1819,    -1.752,   MM,02
1820,    -2.329,   MM,03
1821,    -1.754,   MM,02
1822,    -0.728,   MM,04
1823,    -1.237,   MM,01
1824,    -2.335,   MM,03
1825,    -2.340,   MM,03
1826,    -1.238,   MM,01
1827,    -1.756,   MM,02
1828,    -0.728,   MM,04
1829,    -0.728,   MM,04
1830,    -1.240,   MM,01
1831,    -1.758,   MM,02
1832,    -2.346,   MM,03
1833,    -1.759,   MM,02
1834,    -0.728,   MM,04
1835,    -1.241,   MM,01
1836,    -2.352,   MM,03
1837,    -2.357,   MM,03
1838,    -1.242,   MM,01
1839,    -1.761,   MM,02
1840,    -0.728,   MM,04
1841,    -0.728,   MM,04
1842,    -1.243,   MM,01
1843,    -1.763,   MM,02
1844,    -2.362,   MM,03
1845,    -1.764,   MM,02
1846,    -0.728,   MM,04
1847,    -1.245,   MM,01
1848,    -2.367,   MM,03
1849,    -2.371,   MM,03
1850,    -1.246,   MM,01
1851,    -1.766,   MM,02
1852,    -0.728,   MM,04
1853,    -0.728,   MM,04
1854,    -1.247,   MM,01
1855,    -1.768,   MM,02
1856,    -2.376,   MM,03
1857,    -1.769,   MM,02
1858,    -0.728,   MM,04
1859,    -1.248,   MM,01
1860,    -2.381,   MM,03
1861,    -2.385,   MM,03
1862,    -1.250,   MM,01
1863,    -1.771,   MM,02
1864,    -0.728,   MM,04
1865,    -0.728,   MM,04
1866,    -1.251,   MM,01
1867,    -1.772,   MM,02
1868,    -2.389,   MM,03
1869,    -1.773,   MM,02
1870,    -0.728,   MM,04
1871,    -1.252,   MM,01
1872,    -2.393,   MM,03
1873,    -2.397,   MM,03
1874,    -1.253,   MM,01
1875,    -1.775,   MM,02
1876,    -0.728,   MM,04
1877,    -0.728,   MM,04
1878,    -1.254,   MM,01
1879,    -1.776,   MM,02
1880,    -2.401,   MM,03
1881,    -1.778,   MM,02
1882,    -0.728,   MM,04
1883,    -1.255,   MM,01
1884,    -2.405,   MM,03
1885,    -2.409,   MM,03
1886,    -1.256,   MM,01
1887,    -1.779,   MM,02
1888,    -0.728,   MM,04
1889,    -0.728,   MM,04
1890,    -1.257,   MM,01
1891,    -1.781,   MM,02
1892,    -2.413,   MM,03
1893,    -1.782,   MM,02
1894,    -0.728,   MM,04
1895,    -1.258,   MM,01
1896,    -2.417,   MM,03
1897,    -2.420,   MM,03
1898,    -1.259,   MM,01
1899,    -1.783,   MM,02
1900,    -0.728,   MM,04
1901,    -0.728,   MM,04
1902,    -1.260,   MM,01
1903,    -1.785,   MM,02
1904,    -2.424,   MM,03
1905,    -1.786,   MM,02
1906,    -0.728,   MM,04
1907,    -1.261,   MM,01
1908,    -2.428,   MM,03
1909,    -2.431,   MM,03
1910,    -1.262,   MM,01
1911,    -1.787,   MM,02
1912,    -0.728,   MM,04
1913,    -0.728,   MM,04
1914,    -1.263,   MM,01
1915,    -1.789,   MM,02
1916,    -2.434,   MM,03
1917,    -1.790,   MM,02
1918,    -0.728,   MM,04
1919,    -1.264,   MM,01
1920,    -2.438,   MM,03
1921,    -2.441,   MM,03
1922,    -1.265,   MM,01
1923,    -1.791,   MM,02
1924,    -0.728,   MM,04
1925,    -0.728,   MM,04
1926,    -1.266,   MM,01
1927,    -1.792,   MM,02
1928,    -2.444,   MM,03
1929,    -1.793,   MM,02
1930,    -0.728,   MM,04
1931,    -1.268,   MM,01
1932,    -2.448,   MM,03
1933,    -2.451,   MM,03
1934,    -1.269,   MM,01
1935,    -1.795,   MM,02
1936,    -0.728,   MM,04
1937,    -0.728,   MM,04
1938,    -1.270,   MM,01
1939,    -1.796,   MM,02
1940,    -2.454,   MM,03
1941,    -1.797,   MM,02
1942,    -0.728,   MM,04
1943,    -1.271,   MM,01
1944,    -2.457,   MM,03
1945,    -2.460,   MM,03
1946,    -1.272,   MM,01
1947,    -1.798,   MM,02
1948,    -0.728,   MM,04
1949,    -0.728,   MM,04
1950,    -1.273,   MM,01
1951,    -1.799,   MM,02
1952,    -2.463,   MM,03
1953,    -1.800,   MM,02
1954,    -0.728,   MM,04
1955,    -1.274,   MM,01
1956,    -2.466,   MM,03
1957,    -2.469,   MM,03
1958,    -1.275,   MM,01
1959,    -1.801,   MM,02
1960,    -0.728,   MM,04
1961,    -0.728,   MM,04
1962,    -1.276,   MM,01
1963,    -1.802,   MM,02
1964,    -2.472,   MM,03
1965,    -1.803,   MM,02
1966,    -0.728,   MM,04
1967,    -1.277,   MM,01
1968,    -2.475,   MM,03
1969,    -2.478,   MM,03
1970,    -1.278,   MM,01
1971,    -1.805,   MM,02
1972,    -0.803,   MM,04
1973,    -0.815,   MM,04
1974,    -1.279,   MM,01
1975,    -1.805,   MM,02
1976,    -2.481,   MM,03
1977,    -1.806,   MM,02
1978,    -0.823,   MM,04
1979,    -1.280,   MM,01
1980,    -2.484,   MM,03
1981,    -2.486,   MM,03
1982,    -1.280,   MM,01
1983,    -1.807,   MM,02
1984,    -0.829,   MM,04
1985,    -0.833,   MM,04
1986,    -1.281,   MM,01
1987,    -1.808,   MM,02
1988,    -2.489,   MM,03
1989,    -1.809,   MM,02
1990,    -0.837,   MM,04
1991,    -1.282,   MM,01
1992,    -2.492,   MM,03
1993,    -2.494,   MM,03
1994,    -1.283,   MM,01
1995,    -1.810,   MM,02
1996,    -0.840,   MM,04
1997,    -0.842,   MM,04
1998,    -1.284,   MM,01
1999,    -1.811,   MM,02
2000,    -2.497,   MM,03
2001,    -1.812,   MM,02
2002,    -0.845,   MM,04
2003,    -1.285,   MM,01
2004,    -2.500,   MM,03
2005,    -2.502,   MM,03
2006,    -1.286,   MM,01
2007,    -1.813,   MM,02
2008,    -0.847,   MM,04
2009,    -0.849,   MM,04
2010,    -1.287,   MM,01
2011,    -1.814,   MM,02
2012,    -2.505,   MM,03
2013,    -1.815,   MM,02
2014,    -0.852,   MM,04
2015,    -1.288,   MM,01
2016,    -2.507,   MM,03
2017,    -2.510,   MM,03
2018,    -1.288,   MM,01
2019,    -1.816,   MM,02
2020,    -0.854,   MM,04
2021,    -0.856,   MM,04
2022,    -1.289,   MM,01
2023,    -1.817,   MM,02
2024,    -2.512,   MM,03
2025,    -1.818,   MM,02
2026,    -0.858,   MM,04
2027,    -1.290,   MM,01
2028,    -2.515,   MM,03
2029,    -2.518,   MM,03
2030,    -1.291,   MM,01
2031,    -1.819,   MM,02
2032,    -0.859,   MM,04
2033,    -0.861,   MM,04
2034,    -1.292,   MM,01
2035,    -1.819,   MM,02
2036,    -2.520,   MM,03
2037,    -1.820,   MM,02
2038,    -0.863,   MM,04
2039,    -1.293,   MM,01
2040,    -2.522,   MM,03
2041,    -2.525,   MM,03
2042,    -1.294,   MM,01
2043,    -1.821,   MM,02
2044,    -0.864,   MM,04
2045,    -0.865,   MM,04
2046,    -1.294,   MM,01
2047,    -1.822,   MM,02
2048,    -2.527,   MM,03
2049,    -1.823,   MM,02
2050,    -0.867,   MM,04
2051,    -1.295,   MM,01
2052,    -2.529,   MM,03
2053,    -2.532,   MM,03
2054,    -1.296,   MM,01
2055,    -1.824,   MM,02
2056,    -0.868,   MM,04
2057,    -0.869,   MM,04
2058,    -1.297,   MM,01
2059,    -1.824,   MM,02
2060,    -2.534,   MM,03
2061,    -1.825,   MM,02
2062,    -0.871,   MM,04
2063,    -1.298,   MM,01
2064,    -2.536,   MM,03
2065,    -2.539,   MM,03
2066,    -1.298,   MM,01
2067,    -1.826,   MM,02
2068,    -0.872,   MM,04
2069,    -0.873,   MM,04
2070,    -1.299,   MM,01
2071,    -1.827,   MM,02
2072,    -2.541,   MM,03
2073,    -1.827,   MM,02
2074,    -0.874,   MM,04
2075,    -1.300,   MM,01
2076,    -2.544,   MM,03
2077,    -2.546,   MM,03
2078,    -1.301,   MM,01
2079,    -1.828,   MM,02
2080,    -0.875,   MM,04
2081,    -0.876,   MM,04
2082,    -1.302,   MM,01
2083,    -1.829,   MM,02
2084,    -2.548,   MM,03
2085,    -1.829,   MM,02
2086,    -0.877,   MM,04
2087,    -1.303,   MM,01
2088,    -2.551,   MM,03
2089,    -2.552,   MM,03
2090,    -1.304,   MM,01
2091,    -1.830,   MM,02
2092,    -0.878,   MM,04
2093,    -0.879,   MM,04
2094,    -1.304,   MM,01
2095,    -1.831,   MM,02
2096,    -2.555,   MM,03
2097,    -1.831,   MM,02
2098,    -0.880,   MM,04
2099,    -1.305,   MM,01
2100,    -2.557,   MM,03
2101,    -2.559,   MM,03
2102,    -1.306,   MM,01
2103,    -1.832,   MM,02
2104,    -0.881,   MM,04
2105,    -0.882,   MM,04
2106,    -1.307,   MM,01
2107,    -1.833,   MM,02
2108,    -2.561,   MM,03
2109,    -1.834,   MM,02
2110,    -0.883,   MM,04
2111,    -1.308,   MM,01
2112,    -2.563,   MM,03
2113,    -2.565,   MM,03
2114,    -1.309,   MM,01
2115,    -1.834,   MM,02
2116,    -0.884,   MM,04
2117,    -0.886,   MM,04
2118,    -1.309,   MM,01
2119,    -1.835,   MM,02
2120,    -2.568,   MM,03
2121,    -1.836,   MM,02
2122,    -0.886,   MM,04
2123,    -1.310,   MM,01
2124,    -2.570,   MM,03
2125,    -2.572,   MM,03
2126,    -1.311,   MM,01
2127,    -1.836,   MM,02
2128,    -0.887,   MM,04
2129,    -0.888,   MM,04
2130,    -1.312,   MM,01
2131,    -1.837,   MM,02
2132,    -2.574,   MM,03
2133,    -1.837,   MM,02
2134,    -0.889,   MM,04
2135,    -1.313,   MM,01
2136,    -2.576,   MM,03
2137,    -2.578,   MM,03
2138,    -1.313,   MM,01
2139,    -1.838,   MM,02
2140,    -0.890,   MM,04
2141,    -0.891,   MM,04
2142,    -1.314,   MM,01
2143,    -1.839,   MM,02
2144,    -2.581,   MM,03
2145,    -1.839,   MM,02
2146,    -0.892,   MM,04
2147,    -1.315,   MM,01
2148,    -2.583,   MM,03
2149,    -2.585,   MM,03
2150,    -1.315,   MM,01
2151,    -1.840,   MM,02
2152,    -0.892,   MM,04
2153,    -0.893,   MM,04
2154,    -1.316,   MM,01
2155,    -1.841,   MM,02
2156,    -2.587,   MM,03
2157,    -1.841,   MM,02
2158,    -0.894,   MM,04
2159,    -1.317,   MM,01
2160,    -2.589,   MM,03
2161,    -2.591,   MM,03
2162,    -1.318,   MM,01
2163,    -1.842,   MM,02
2164,    -0.895,   MM,04
2165,    -0.895,   MM,04
2166,    -1.318,   MM,01
2167,    -1.843,   MM,02
2168,    -2.592,   MM,03
2169,    -1.843,   MM,02
2170,    -0.896,   MM,04
2171,    -1.319,   MM,01
2172,    -2.594,   MM,03
2173,    -2.596,   MM,03
2174,    -1.320,   MM,01
2175,    -1.844,   MM,02
2176,    -0.897,   MM,04
2177,    -0.898,   MM,04
2178,    -1.320,   MM,01
2179,    -1.844,   MM,02
2180,    -2.598,   MM,03
2181,    -1.845,   MM,02
2182,    -0.899,   MM,04
2183,    -1.321,   MM,01
2184,    -2.600,   MM,03
2185,    -2.602,   MM,03
2186,    -1.322,   MM,01
2187,    -1.845,   MM,02
2188,    -0.899,   MM,04
2189,    -0.900,   MM,04
2190,    -1.322,   MM,01
2191,    -1.846,   MM,02
2192,    -2.605,   MM,03
2193,    -1.847,   MM,02
2194,    -0.901,   MM,04
2195,    -1.323,   MM,01
2196,    -2.606,   MM,03
2197,    -2.608,   MM,03
2198,    -1.324,   MM,01
2199,    -1.847,   MM,02
2200,    -0.902,   MM,04
2201,    -0.902,   MM,04
2202,    -1.325,   MM,01
2203,    -1.848,   MM,02
2204,    -2.610,   MM,03
2205,    -1.848,   MM,02
2206,    -0.903,   MM,04
2207,    -1.325,   MM,01
2208,    -2.612,   MM,03
2209,    -2.614,   MM,03
2210,    -1.326,   MM,01
2211,    -1.849,   MM,02
2212,    -0.903,   MM,04
2213,    -0.904,   MM,04
2214,    -1.327,   MM,01
2215,    -1.850,   MM,02
2216,    -2.616,   MM,03
2217,    -1.850,   MM,02
2218,    -0.905,   MM,04
2219,    -1.327,   MM,01
2220,    -2.618,   MM,03
2221,    -2.619,   MM,03
2222,    -1.328,   MM,01
2223,    -1.851,   MM,02
2224,    -0.905,   MM,04
2225,    -0.906,   MM,04
2226,    -1.329,   MM,01
2227,    -1.851,   MM,02
2228,    -2.621,   MM,03
2229,    -1.852,   MM,02
2230,    -0.907,   MM,04
2231,    -1.329,   MM,01
2232,    -2.623,   MM,03
2233,    -2.625,   MM,03
2234,    -1.330,   MM,01
2235,    -1.852,   MM,02
2236,    -0.907,   MM,04
2237,    -0.908,   MM,04
2238,    -1.331,   MM,01
2239,    -1.853,   MM,02
2240,    -2.627,   MM,03
2241,    -1.853,   MM,02
2242,    -0.909,   MM,04
2243,    -1.331,   MM,01
2244,    -2.629,   MM,03
2245,    -2.630,   MM,03
2246,    -1.332,   MM,01
2247,    -1.854,   MM,02
2248,    -0.909,   MM,04
2249,    -0.910,   MM,04
2250,    -1.333,   MM,01
2251,    -1.854,   MM,02
2252,    -2.632,   MM,03
2253,    -1.855,   MM,02
2254,    -0.910,   MM,04
2255,    -1.334,   MM,01
2256,    -2.634,   MM,03
2257,    -2.636,   MM,03
2258,    -1.334,   MM,01
2259,    -1.855,   MM,02
2260,    -0.911,   MM,04
2261,    -0.912,   MM,04
2262,    -1.335,   MM,01
2263,    -1.856,   MM,02
2264,    -2.638,   MM,03
2265,    -1.856,   MM,02
2266,    -0.912,   MM,04
2267,    -1.336,   MM,01
2268,    -2.639,   MM,03
2269,    -2.641,   MM,03
2270,    -1.336,   MM,01
2271,    -1.856,   MM,02
2272,    -0.913,   MM,04
2273,    -0.913,   MM,04
2274,    -1.337,   MM,01
2275,    -1.857,   MM,02
2276,    -2.643,   MM,03
2277,    -1.857,   MM,02
2278,    -0.914,   MM,04
2279,    -1.338,   MM,01
2280,    -2.645,   MM,03
2281,    -2.646,   MM,03
2282,    -1.338,   MM,01
2283,    -1.858,   MM,02
2284,    -0.915,   MM,04
2285,    -0.915,   MM,04
2286,    -1.339,   MM,01
2287,    -1.858,   MM,02
2288,    -2.648,   MM,03
2289,    -1.859,   MM,02
2290,    -0.916,   MM,04
2291,    -1.340,   MM,01
2292,    -2.650,   MM,03
2293,    -2.652,   MM,03
2294,    -1.340,   MM,01
2295,    -1.859,   MM,02
2296,    -0.917,   MM,04
2297,    -0.917,   MM,04
2298,    -1.341,   MM,01
2299,    -1.859,   MM,02
2300,    -2.653,   MM,03
2301,    -1.860,   MM,02
2302,    -0.918,   MM,04
2303,    -1.342,   MM,01
2304,    -2.655,   MM,03
2305,    -2.656,   MM,03
2306,    -1.342,   MM,01
2307,    -1.860,   MM,02
2308,    -0.918,   MM,04
2309,    -0.919,   MM,04
2310,    -1.343,   MM,01
2311,    -1.861,   MM,02
2312,    -2.658,   MM,03
2313,    -1.861,   MM,02
2314,    -0.919,   MM,04
2315,    -1.344,   MM,01
2316,    -2.660,   MM,03
2317,    -2.662,   MM,03
2318,    -1.344,   MM,01
2319,    -1.861,   MM,02
2320,    -0.920,   MM,04
2321,    -0.920,   MM,04
2322,    -1.345,   MM,01
2323,    -1.862,   MM,02
2324,    -2.663,   MM,03
2325,    -1.862,   MM,02
2326,    -0.921,   MM,04
2327,    -1.345,   MM,01
2328,    -2.665,   MM,03
2329,    -2.666,   MM,03
2330,    -1.346,   MM,01
2331,    -1.863,   MM,02
2332,    -0.921,   MM,04
2333,    -0.922,   MM,04
2334,    -1.347,   MM,01
2335,    -1.863,   MM,02
2336,    -2.668,   MM,03
2337,    -1.863,   MM,02
2338,    -0.922,   MM,04
2339,    -1.347,   MM,01
2340,    -2.670,   MM,03
2341,    -2.672,   MM,03
2342,    -1.348,   MM,01
2343,    -1.864,   MM,02
2344,    -0.923,   MM,04
2345,    -0.924,   MM,04
2346,    -1.349,   MM,01
2347,    -1.864,   MM,02
2348,    -2.673,   MM,03
2349,    -1.865,   MM,02
2350,    -0.924,   MM,04
2351,    -1.349,   MM,01
2352,    -2.675,   MM,03
2353,    -2.677,   MM,03
2354,    -1.350,   MM,01
2355,    -1.865,   MM,02
2356,    -0.925,   MM,04
2357,    -0.925,   MM,04
2358,    -1.350,   MM,01
2359,    -1.865,   MM,02
2360,    -2.678,   MM,03
2361,    -1.866,   MM,02
2362,    -0.926,   MM,04
2363,    -1.351,   MM,01
2364,    -2.680,   MM,03
2365,    -2.681,   MM,03
2366,    -1.352,   MM,01
2367,    -1.866,   MM,02
2368,    -0.926,   MM,04
2369,    -0.927,   MM,04
2370,    -1.352,   MM,01
2371,    -1.866,   MM,02
2372,    -2.683,   MM,03
2373,    -1.867,   MM,02
2374,    -0.927,   MM,04
2375,    -1.353,   MM,01
2376,    -2.685,   MM,03
2377,    -2.686,   MM,03
2378,    -1.353,   MM,01
2379,    -1.867,   MM,02
2380,    -0.928,   MM,04
2381,    -0.928,   MM,04
2382,    -1.354,   MM,01
2383,    -1.868,   MM,02
2384,    -2.688,   MM,03
2385,    -1.868,   MM,02
2386,    -0.929,   MM,04
2387,    -1.354,   MM,01
2388,    -2.689,   MM,03
2389,    -2.691,   MM,03
2390,    -1.355,   MM,01
2391,    -1.868,   MM,02
2392,    -0.929,   MM,04
2393,    -0.930,   MM,04
2394,    -1.356,   MM,01
2395,    -1.869,   MM,02
2396,    -2.692,   MM,03
2397,    -1.869,   MM,02
2398,    -0.930,   MM,04
2399,    -1.356,   MM,01
2400,    -2.694,   MM,03
2401,    -2.695,   MM,03
2402,    -1.357,   MM,01
2403,    -1.869,   MM,02
2404,    -0.931,   MM,04
2405,    -0.931,   MM,04
2406,    -1.358,   MM,01
2407,    -1.869,   MM,02
2408,    -2.697,   MM,03
2409,    -1.870,   MM,02
2410,    -0.931,   MM,04
2411,    -1.358,   MM,01
2412,    -2.698,   MM,03
2413,    -2.700,   MM,03
2414,    -1.359,   MM,01
2415,    -1.870,   MM,02
2416,    -0.932,   MM,04
2417,    -0.933,   MM,04
2418,    -1.359,   MM,01
2419,    -1.871,   MM,02
2420,    -2.702,   MM,03
2421,    -1.871,   MM,02
2422,    -0.933,   MM,04
2423,    -1.360,   MM,01
2424,    -2.703,   MM,03
2425,    -2.705,   MM,03
2426,    -1.360,   MM,01
2427,    -1.871,   MM,02
2428,    -0.934,   MM,04
2429,    -0.934,   MM,04
2430,    -1.361,   MM,01
2431,    -1.872,   MM,02
2432,    -2.706,   MM,03
2433,    -1.872,   MM,02
2434,    -0.934,   MM,04
2435,    -1.361,   MM,01
2436,    -2.708,   MM,03
2437,    -2.709,   MM,03
2438,    -1.362,   MM,01
2439,    -1.872,   MM,02
2440,    -0.935,   MM,04
2441,    -0.935,   MM,04
2442,    -1.362,   MM,01
2443,    -1.872,   MM,02
2444,    -2.711,   MM,03
2445,    -1.873,   MM,02
2446,    -0.936,   MM,04
2447,    -1.363,   MM,01
2448,    -2.712,   MM,03
2449,    -2.714,   MM,03
2450,    -1.364,   MM,01
2451,    -1.873,   MM,02
2452,    -0.936,   MM,04
2453,    -0.936,   MM,04
2454,    -1.364,   MM,01
2455,    -1.874,   MM,02
2456,    -2.715,   MM,03
2457,    -1.874,   MM,02
2458,    -0.937,   MM,04
2459,    -1.365,   MM,01
2460,    -2.717,   MM,03
2461,    -2.718,   MM,03
2462,    -1.366,   MM,01
2463,    -1.874,   MM,02
2464,    -0.937,   MM,04
2465,    -0.938,   MM,04
2466,    -1.366,   MM,01
2467,    -1.875,   MM,02
2468,    -2.719,   MM,03
2469,    -1.875,   MM,02
2470,    -0.938,   MM,04
2471,    -1.367,   MM,01
2472,    -2.721,   MM,03
2473,    -2.722,   MM,03
2474,    -1.367,   MM,01
2475,    -1.875,   MM,02
2476,    -0.939,   MM,04
2477,    -0.939,   MM,04
2478,    -1.368,   MM,01
2479,    -1.875,   MM,02
2480,    -2.724,   MM,03
2481,    -1.876,   MM,02
2482,    -0.939,   MM,04
2483,    -1.368,   MM,01
2484,    -2.725,   MM,03
2485,    -2.727,   MM,03
2486,    -1.369,   MM,01
2487,    -1.876,   MM,02
2488,    -0.940,   MM,04
2489,    -0.940,   MM,04
2490,    -1.370,   MM,01
2491,    -1.876,   MM,02
2492,    -2.728,   MM,03
2493,    -1.876,   MM,02
2494,    -0.941,   MM,04
2495,    -1.370,   MM,01
2496,    -2.730,   MM,03
2497,    -2.731,   MM,03
2498,    -1.371,   MM,01
2499,    -1.877,   MM,02
2500,    -0.941,   MM,04
2501,    -0.942,   MM,04
2502,    -1.371,   MM,01
2503,    -1.877,   MM,02
2504,    -2.733,   MM,03
2505,    -1.877,   MM,02
2506,    -0.942,   MM,04
2507,    -1.372,   MM,01
2508,    -2.734,   MM,03
2509,    -2.735,   MM,03
2510,    -1.373,   MM,01
2511,    -1.877,   MM,02
2512,    -0.942,   MM,04
2513,    -0.943,   MM,04
2514,    -1.373,   MM,01
2515,    -1.878,   MM,02
2516,    -2.737,   MM,03
2517,    -1.878,   MM,02
2518,    -0.943,   MM,04
2519,    -1.374,   MM,01
2520,    -2.738,   MM,03
2521,    -2.740,   MM,03
2522,    -1.374,   MM,01
2523,    -1.878,   MM,02
2524,    -0.944,   MM,04
2525,    -0.944,   MM,04
2526,    -1.375,   MM,01
2527,    -1.879,   MM,02
2528,    -2.741,   MM,03
2529,    -1.879,   MM,02
2530,    -0.945,   MM,04
2531,    -1.376,   MM,01
2532,    -2.742,   MM,03
2533,    -2.744,   MM,03
2534,    -1.376,   MM,01
2535,    -1.879,   MM,02
2536,    -0.945,   MM,04
2537,    -0.945,   MM,04
2538,    -1.376,   MM,01
2539,    -1.879,   MM,02
2540,    -2.745,   MM,03
2541,    -1.880,   MM,02
2542,    -0.946,   MM,04
2543,    -1.377,   MM,01
2544,    -2.746,   MM,03
2545,    -2.748,   MM,03
2546,    -1.377,   MM,01
2547,    -1.880,   MM,02
2548,    -0.946,   MM,04
2549,    -0.947,   MM,04
2550,    -1.378,   MM,01
2551,    -1.880,   MM,02
2552,    -2.749,   MM,03
2553,    -1.880,   MM,02
2554,    -0.947,   MM,04
2555,    -1.379,   MM,01
2556,    -2.751,   MM,03
2557,    -2.752,   MM,03
2558,    -1.379,   MM,01
2559,    -1.881,   MM,02
2560,    -0.947,   MM,04
2561,    -0.948,   MM,04
2562,    -1.380,   MM,01
2563,    -1.881,   MM,02
2564,    -2.753,   MM,03
2565,    -1.881,   MM,02
2566,    -0.948,   MM,04
2567,    -1.380,   MM,01
2568,    -2.754,   MM,03
2569,    -2.756,   MM,03
2570,    -1.381,   MM,01
2571,    -1.881,   MM,02
2572,    -0.949,   MM,04
2573,    -0.949,   MM,04
2574,    -1.381,   MM,01
2575,    -1.882,   MM,02
2576,    -2.757,   MM,03
2577,    -1.882,   MM,02
2578,    -0.950,   MM,04
2579,    -1.382,   MM,01
2580,    -2.758,   MM,03
2581,    -2.760,   MM,03
2582,    -1.382,   MM,01
2583,    -1.882,   MM,02
2584,    -0.950,   MM,04
2585,    -0.950,   MM,04
2586,    -1.383,   MM,01
2587,    -1.883,   MM,02
2588,    -2.761,   MM,03
2589,    -1.883,   MM,02
2590,    -0.951,   MM,04
2591,    -1.383,   MM,01
2592,    -2.762,   MM,03
2593,    -2.764,   MM,03
2594,    -1.384,   MM,01
2595,    -1.883,   MM,02
2596,    -0.951,   MM,04
2597,    -0.952,   MM,04
2598,    -1.384,   MM,01
2599,    -1.883,   MM,02
2600,    -2.765,   MM,03
2601,    -1.883,   MM,02
2602,    -0.952,   MM,04
2603,    -1.385,   MM,01
2604,    -2.767,   MM,03
2605,    -2.768,   MM,03
2606,    -1.385,   MM,01
2607,    -1.884,   MM,02
2608,    -0.952,   MM,04
2609,    -0.953,   MM,04
2610,    -1.386,   MM,01
2611,    -1.884,   MM,02
2612,    -2.769,   MM,03
2613,    -1.884,   MM,02
2614,    -0.953,   MM,04
2615,    -1.386,   MM,01
2616,    -2.770,   MM,03
2617,    -2.772,   MM,03
2618,    -1.387,   MM,01
2619,    -1.884,   MM,02
2620,    -0.953,   MM,04
2621,    -0.954,   MM,04
2622,    -1.387,   MM,01
2623,    -1.885,   MM,02
2624,    -2.773,   MM,03
2625,    -1.885,   MM,02
2626,    -0.954,   MM,04
2627,    -1.388,   MM,01
2628,    -2.774,   MM,03
2629,    -2.776,   MM,03
2630,    -1.388,   MM,01
2631,    -1.885,   MM,02
2632,    -0.955,   MM,04
2633,    -0.955,   MM,04
2634,    -1.389,   MM,01
2635,    -1.885,   MM,02
2636,    -2.777,   MM,03
2637,    -1.885,   MM,02
2638,    -0.955,   MM,04
2639,    -1.389,   MM,01
2640,    -2.778,   MM,03
2641,    -2.779,   MM,03
2642,    -1.390,   MM,01
2643,    -1.885,   MM,02
2644,    -0.956,   MM,04
2645,    -0.956,   MM,04
2646,    -1.390,   MM,01
2647,    -1.886,   MM,02
2648,    -2.781,   MM,03
2649,    -0.957,   MM,04
2650,    -1.391,   MM,01
2651,    -1.886,   MM,02
2652,    -2.782,   MM,03
2653,    -2.783,   MM,03
2654,    -1.391,   MM,01
2655,    -1.886,   MM,02
2656,    -0.957,   MM,04
2657,    -0.957,   MM,04
2658,    -1.392,   MM,01
2659,    -1.886,   MM,02
2660,    -2.784,   MM,03
2661,    -0.958,   MM,04
2662,    -1.392,   MM,01
2663,    -1.887,   MM,02
2664,    -2.785,   MM,03
2665,    -2.787,   MM,03
2666,    -1.393,   MM,01
2667,    -1.887,   MM,02
2668,    -0.958,   MM,04
2669,    -0.958,   MM,04
2670,    -1.393,   MM,01
2671,    -1.887,   MM,02
2672,    -2.788,   MM,03
2673,    -0.959,   MM,04
2674,    -1.394,   MM,01
2675,    -1.887,   MM,02
2676,    -2.789,   MM,03
2677,    -1.394,   MM,01
2678,    -1.887,   MM,02
2679,    -2.791,   MM,03
2680,    -0.959,   MM,04
2681,    -0.959,   MM,04
2682,    -1.395,   MM,01
2683,    -1.888,   MM,02
2684,    -2.792,   MM,03
2685,    -0.960,   MM,04
2686,    -1.395,   MM,01
2687,    -1.888,   MM,02
2688,    -2.793,   MM,03
2689,    -2.794,   MM,03
2690,    -1.396,   MM,01
2691,    -1.888,   MM,02
2692,    -0.960,   MM,04
2693,    -0.960,   MM,04
2694,    -1.396,   MM,01
2695,    -1.888,   MM,02
2696,    -2.796,   MM,03
2697,    -0.961,   MM,04
2698,    -1.397,   MM,01
2699,    -1.889,   MM,02
2700,    -2.797,   MM,03
2701,    -1.397,   MM,01
2702,    -1.889,   MM,02
2703,    -2.798,   MM,03
2704,    -0.961,   MM,04
2705,    -0.962,   MM,04
2706,    -1.398,   MM,01
2707,    -1.889,   MM,02
2708,    -2.799,   MM,03
2709,    -0.962,   MM,04
2710,    -1.398,   MM,01
2711,    -1.889,   MM,02
2712,    -2.801,   MM,03
2713,    -1.399,   MM,01
2714,    -1.889,   MM,02
2715,    -2.802,   MM,03
2716,    -0.962,   MM,04
2717,    -0.963,   MM,04
2718,    -1.399,   MM,01
2719,    -1.889,   MM,02
2720,    -2.803,   MM,03
2721,    -0.963,   MM,04
2722,    -1.400,   MM,01
2723,    -1.890,   MM,02
2724,    -2.804,   MM,03
2725,    -1.400,   MM,01
2726,    -1.890,   MM,02
2727,    -2.805,   MM,03
2728,    -0.963,   MM,04
2729,    -0.964,   MM,04
2730,    -1.401,   MM,01
2731,    -1.890,   MM,02
2732,    -2.807,   MM,03
2733,    -0.964,   MM,04
2734,    -1.402,   MM,01
2735,    -1.890,   MM,02
2736,    -2.808,   MM,03
2737,    -1.402,   MM,01
2738,    -1.890,   MM,02
2739,    -2.809,   MM,03
2740,    -0.964,   MM,04
2741,    -0.965,   MM,04
2742,    -1.402,   MM,01
2743,    -1.890,   MM,02
2744,    -2.810,   MM,03
2745,    -0.965,   MM,04
2746,    -1.403,   MM,01
2747,    -1.891,   MM,02
2748,    -2.811,   MM,03
2749,    -1.404,   MM,01
2750,    -1.891,   MM,02
2751,    -2.813,   MM,03
2752,    -0.965,   MM,04
2753,    -0.966,   MM,04
2754,    -1.404,   MM,01
2755,    -1.891,   MM,02
2756,    -2.814,   MM,03
2757,    -0.966,   MM,04
2758,    -1.405,   MM,01
2759,    -1.891,   MM,02
2760,    -2.815,   MM,03
2761,    -1.405,   MM,01
2762,    -1.891,   MM,02
2763,    -2.816,   MM,03
2764,    -0.966,   MM,04
2765,    -0.967,   MM,04
2766,    -1.406,   MM,01
2767,    -1.891,   MM,02
2768,    -2.817,   MM,03
2769,    -0.967,   MM,04
2770,    -1.406,   MM,01
2771,    -1.891,   MM,02
2772,    -2.818,   MM,03
2773,    -1.407,   MM,01
2774,    -1.892,   MM,02
2775,    -2.819,   MM,03
2776,    -0.967,   MM,04
2777,    -0.968,   MM,04
2778,    -1.407,   MM,01
2779,    -1.892,   MM,02
2780,    -2.821,   MM,03
2781,    -0.968,   MM,04
2782,    -1.408,   MM,01
2783,    -1.892,   MM,02
2784,    -2.822,   MM,03
2785,    -1.408,